{
 "cells": [
  {
   "cell_type": "markdown",
   "id": "644afa5a",
   "metadata": {},
   "source": [
    "****\n",
    "# Import transformation(30102023)"
   ]
  },
  {
   "cell_type": "code",
   "execution_count": 35,
   "id": "6657f846",
   "metadata": {
    "scrolled": true
   },
   "outputs": [
    {
     "data": {
      "text/plain": [
       "[[[0.999976184, -0.0068177472, -0.00107271818, -0.000171268152],\n",
       "  [0.00682181676, 0.99996937, 0.00383690398, -1.22154835e-05],\n",
       "  [0.00104652628, -0.00384413049, 0.999992064, 0.000325784305],\n",
       "  [0.0, 0.0, 0.0, 1.0]],\n",
       " [[0.99546071, 0.04690079, -0.08281478, -0.05664111],\n",
       "  [-0.04830415, 0.99871969, -0.01502315, -0.01257069],\n",
       "  [0.08200415, 0.01895525, 0.99645171, -0.00180845],\n",
       "  [0.0, 0.0, 0.0, 1.0]],\n",
       " [[0.99859078, 0.0178107, -0.04999225, -0.03287949],\n",
       "  [-0.01954305, 0.99921773, -0.03438028, -0.02641217],\n",
       "  [0.0493408, 0.03530883, 0.99815769, -0.00189214],\n",
       "  [0.0, 0.0, 0.0, 1.0]],\n",
       " [[0.996809473, 0.0797828557, 0.00236012449, -0.00247321182],\n",
       "  [-0.0797815871, 0.996812171, -0.000627044642, -0.000586321359],\n",
       "  [-0.00240262823, 0.000436749562, 0.999997018, 0.00306175201],\n",
       "  [0.0, 0.0, 0.0, 1.0]],\n",
       " [[0.89363304, 0.43968042, -0.0900062, -0.0315735],\n",
       "  [0.38921023, -0.85909413, -0.3323743, -0.24218503],\n",
       "  [-0.22346227, 0.26198932, -0.93884302, -1.3560396],\n",
       "  [0.0, 0.0, 0.0, 1.0]],\n",
       " [[0.99035844, 0.03147252, -0.13490602, -0.09696887],\n",
       "  [-0.0313709, 0.99950366, 0.00287955, 0.00277901],\n",
       "  [0.13492968, 0.00138033, 0.99085421, -0.0051012],\n",
       "  [0.0, 0.0, 0.0, 1.0]],\n",
       " [[0.993554115, -0.0887314745, -0.0705474707, -0.050710263],\n",
       "  [0.0898745055, 0.995865747, 0.0131903894, 0.000821670448],\n",
       "  [0.0690854069, -0.0194457847, 0.997421209, 0.00718909005],\n",
       "  [0.0, 0.0, 0.0, 1.0]],\n",
       " [[0.9702307, 0.10724637, -0.21714188, -0.16774078],\n",
       "  [-0.10799559, 0.99411547, 0.00844902, 0.00266581],\n",
       "  [0.21677023, 0.01525287, 0.97610349, -0.01556514],\n",
       "  [0.0, 0.0, 0.0, 1.0]],\n",
       " [[-0.66121293, 0.73689956, -0.14062895, -0.1942992],\n",
       "  [0.74136677, 0.61316686, -0.27276678, -0.16728231],\n",
       "  [-0.11477271, -0.28461456, -0.9517467, -1.36021855],\n",
       "  [0.0, 0.0, 0.0, 1.0]],\n",
       " [[-0.18839637, 0.96725891, -0.17005002, -0.05770168],\n",
       "  [0.96634774, 0.15169492, -0.20775153, -0.19602389],\n",
       "  [-0.17515379, -0.20346709, -0.96328723, -1.34652549],\n",
       "  [0.0, 0.0, 0.0, 1.0]],\n",
       " [[1.0, 0.0, 0.0, -0.0059508136],\n",
       "  [0.0, 1.0, 0.0, -0.001099337],\n",
       "  [0.0, 0.0, 1.0, 0.00099999],\n",
       "  [0.0, 0.0, 0.0, 1.0]],\n",
       " [[0.997347239, 0.0308543064, -0.0659279716, -0.046360682],\n",
       "  [-0.0323965216, 0.999222872, -0.0224525755, -0.0167878081],\n",
       "  [0.0651839785, 0.0245288512, 0.997571744, 0.000107906492],\n",
       "  [0.0, 0.0, 0.0, 1.0]],\n",
       " [[1.0, 0.0, 0.0, -0.007141327],\n",
       "  [0.0, 1.0, 0.0, -0.001099337],\n",
       "  [0.0, 0.0, 1.0, 0.00099999],\n",
       "  [0.0, 0.0, 0.0, 1.0]],\n",
       " [[None]],\n",
       " [[1.0, 0.0, 0.0, -0.0142844074],\n",
       "  [0.0, 1.0, 0.0, -0.001099337],\n",
       "  [0.0, 0.0, 1.0, 0.00099999],\n",
       "  [0.0, 0.0, 0.0, 1.0]],\n",
       " [[0.98341064, 0.09362882, -0.15536136, -0.1131695],\n",
       "  [-0.08940189, 0.99541547, 0.03399048, 0.02343128],\n",
       "  [0.15783159, -0.019537, 0.98727276, -0.00887148],\n",
       "  [0.0, 0.0, 0.0, 1.0]],\n",
       " [[0.98159438, 0.15907764, -0.105673, -0.08224644],\n",
       "  [-0.15728252, 0.98723302, 0.02516313, 0.01525434],\n",
       "  [0.10832677, -0.00807947, 0.99408251, -0.00348696],\n",
       "  [0.0, 0.0, 0.0, 1.0]],\n",
       " [[1.0, 0.0, 0.0, -0.00984672],\n",
       "  [0.0, 1.0, 0.0, 0.00416242],\n",
       "  [0.0, 0.0, 1.0, -0.00800002],\n",
       "  [0.0, 0.0, 0.0, 1.0]],\n",
       " [[1.0, 0.0, 0.0, 0.0008977],\n",
       "  [0.0, 1.0, 0.0, 0.002317906],\n",
       "  [0.0, 0.0, 1.0, -0.00200003],\n",
       "  [0.0, 0.0, 0.0, 1.0]],\n",
       " [[1.0, 0.0, 0.0, -0.000789001],\n",
       "  [0.0, 1.0, 0.0, 0.002226732],\n",
       "  [0.0, 0.0, 1.0, -0.00600004],\n",
       "  [0.0, 0.0, 0.0, 1.0]],\n",
       " [[1.0, 0.0, 0.0, -0.00474452],\n",
       "  [0.0, 1.0, 0.0, -0.00161132],\n",
       "  [0.0, 0.0, 1.0, 0.00699997],\n",
       "  [0.0, 0.0, 0.0, 1.0]],\n",
       " [[1.0, 0.0, 0.0, -0.01046039],\n",
       "  [0.0, 1.0, 0.0, -0.00275449],\n",
       "  [0.0, 0.0, 1.0, 0.00699997],\n",
       "  [0.0, 0.0, 0.0, 1.0]],\n",
       " [[1.0, 0.0, 0.0, 0.00088193],\n",
       "  [0.0, 1.0, 0.0, 0.007472705],\n",
       "  [0.0, 0.0, 1.0, -0.01700002],\n",
       "  [0.0, 0.0, 0.0, 1.0]],\n",
       " [[1.0, 0.0, 0.0, -0.01503659],\n",
       "  [0.0, 1.0, 0.0, -0.00369076],\n",
       "  [0.0, 0.0, 1.0, 0.009],\n",
       "  [0.0, 0.0, 0.0, 1.0]],\n",
       " [[None]],\n",
       " [[1.0, 0.0, 0.0, 0.10544546],\n",
       "  [0.0, 1.0, 0.0, 0.1191951],\n",
       "  [0.0, 0.0, 1.0, 0.00999999],\n",
       "  [0.0, 0.0, 0.0, 1.0]],\n",
       " [[-0.01239553, -0.99968617, 0.02176939, -0.0591475],\n",
       "  [-0.77456407, -0.00416892, -0.63248172, -0.47330854],\n",
       "  [0.63237399, -0.02470173, -0.77426931, -1.17270044],\n",
       "  [0.0, 0.0, 0.0, 1.0]],\n",
       " [[0.998996953, 0.0445912546, 0.00408763431, -7.59296113e-07],\n",
       "  [-0.0445951103, 0.999004776, 0.000856960615, -4.1576287e-06],\n",
       "  [-0.00404535325, -0.00103838955, 0.999991278, -3.05910471e-05],\n",
       "  [0.0, 0.0, 0.0, 1.0]],\n",
       " [[0.99438716, -0.105707039, 0.00449410869, 0.000118265299],\n",
       "  [0.105693164, 0.994393575, 0.00322077776, 8.47567939e-05],\n",
       "  [-0.00480937169, -0.00272770349, 0.999984715, -0.00112419484],\n",
       "  [0.0, 0.0, 0.0, 1.0]],\n",
       " [[0.3841427, 0.907656768, 0.169096357, 6.46194329e-05],\n",
       "  [-0.904782142, 0.40655306, -0.126822258, -4.84645709e-05],\n",
       "  [-0.183857722, -0.104277519, 0.977406025, 0.00102375526],\n",
       "  [0.0, 0.0, 0.0, 1.0]],\n",
       " [[0.997972586, 0.0633897154, 0.00569754713, 0.000122454393],\n",
       "  [-0.0634527825, 0.997916614, 0.0116694594, -0.000674576491],\n",
       "  [-0.00494595323, -0.0120073258, 0.999915677, 0.00567578688],\n",
       "  [0.0, 0.0, 0.0, 1.0]],\n",
       " [[0.999804369, 0.0197068318, -0.00169229202, 9.14025081e-05],\n",
       "  [-0.0196938282, 0.999778786, 0.00738454699, -0.000398847307],\n",
       "  [0.00183744369, -0.00734977464, 0.999971302, 0.00473915538],\n",
       "  [0.0, 0.0, 0.0, 1.0]],\n",
       " [[1.0, 0.0, 0.0, -0.01595534],\n",
       "  [0.0, 1.0, 0.0, 0.00251603],\n",
       "  [0.0, 0.0, 1.0, -0.014],\n",
       "  [0.0, 0.0, 0.0, 1.0]],\n",
       " [[1.0, 0.0, 0.0, 0.0],\n",
       "  [0.0, 1.0, 0.0, 0.0],\n",
       "  [0.0, 0.0, 1.0, 0.0],\n",
       "  [0.0, 0.0, 0.0, 1.0]],\n",
       " [[1.0, 0.0, 0.0, -0.01471573],\n",
       "  [0.0, 1.0, 0.0, 0.00375564],\n",
       "  [0.0, 0.0, 1.0, -0.014],\n",
       "  [0.0, 0.0, 0.0, 1.0]],\n",
       " [[1.0, 0.0, 0.0, 0.0],\n",
       "  [0.0, 1.0, 0.0, 0.0],\n",
       "  [0.0, 0.0, 1.0, 0.0],\n",
       "  [0.0, 0.0, 0.0, 1.0]],\n",
       " [[-0.935593954, -0.352995817, 0.00760963744, 0.000596104066],\n",
       "  [0.353045801, -0.935582075, 0.00669648102, 0.000524571584],\n",
       "  [0.0047556106, 0.00895173771, 0.999948624, -0.00679966658],\n",
       "  [0.0, 0.0, 0.0, 1.0]],\n",
       " [[0.925295106, 0.333609748, -0.18037046, 0.000486520755],\n",
       "  [-0.362108787, 0.918522336, -0.158726007, 0.00042813827],\n",
       "  [0.112721753, 0.212182125, 0.970707243, -0.00554966663],\n",
       "  [0.0, 0.0, 0.0, 1.0]],\n",
       " [[-0.979351958, -0.134824508, 0.150638956, -0.000237675511],\n",
       "  [0.163995245, -0.965559074, 0.201993155, -0.000318701269],\n",
       "  [0.118217183, 0.222526464, 0.967732747, -0.00308082686],\n",
       "  [0.0, 0.0, 0.0, 1.0]],\n",
       " [[None]],\n",
       " [[None]],\n",
       " [[None]],\n",
       " [[1.0, 0.0, 0.0, 0.03781589],\n",
       "  [0.0, 1.0, 0.0, -0.06654075],\n",
       "  [0.0, 0.0, 1.0, 0.13499999],\n",
       "  [0.0, 0.0, 0.0, 1.0]],\n",
       " [[1.0, 0.0, 0.0, 0.1005186],\n",
       "  [0.0, 1.0, 0.0, 0.11591988],\n",
       "  [0.0, 0.0, 1.0, -0.01800001],\n",
       "  [0.0, 0.0, 0.0, 1.0]],\n",
       " [[1.0, 0.0, 0.0, -0.0196724],\n",
       "  [0.0, 1.0, 0.0, 0.00641018],\n",
       "  [0.0, 0.0, 1.0, -0.00400001],\n",
       "  [0.0, 0.0, 0.0, 1.0]],\n",
       " [[0.99077863, 0.05696822, -0.1229322, -0.08694783],\n",
       "  [-0.06183111, 0.99743324, -0.03610884, -0.02221615],\n",
       "  [0.12055961, 0.0433769, 0.99175795, -0.00827247],\n",
       "  [0.0, 0.0, 0.0, 1.0]],\n",
       " [[None]],\n",
       " [[None]],\n",
       " [[None]],\n",
       " [[1.0, 0.0, 0.0, -0.02354026],\n",
       "  [0.0, 1.0, 0.0, -0.00784266],\n",
       "  [0.0, 0.0, 1.0, 0.01099998],\n",
       "  [0.0, 0.0, 0.0, 1.0]],\n",
       " [[None]],\n",
       " [[1.0, 0.0, 0.0, 0.16849182],\n",
       "  [0.0, 1.0, 0.0, -0.02315803],\n",
       "  [0.0, 0.0, 1.0, 0.07600004],\n",
       "  [0.0, 0.0, 0.0, 1.0]],\n",
       " [[0.32388392, 0.41746184, -0.84901403, -0.50420166],\n",
       "  [0.94441645, -0.08919772, 0.31641957, 0.08726803],\n",
       "  [0.05636298, -0.90430602, -0.42314753, -0.91001011],\n",
       "  [0.0, 0.0, 0.0, 1.0]],\n",
       " [[0.95743527, 0.2574865, -0.13045461, -0.10072512],\n",
       "  [-0.24253886, 0.96268363, 0.12006302, 0.07868691],\n",
       "  [0.15650112, -0.08331225, 0.98415775, -0.0076535],\n",
       "  [0.0, 0.0, 0.0, 1.0]],\n",
       " [[1.0, 0.0, 0.0, -0.00259143],\n",
       "  [0.0, 1.0, 0.0, 0.00243012],\n",
       "  [0.0, 0.0, 1.0, -0.00400001],\n",
       "  [0.0, 0.0, 0.0, 1.0]],\n",
       " [[None]],\n",
       " [[None]],\n",
       " [[0.99213644, 0.05904836, -0.11035661, -0.07966747],\n",
       "  [-0.06188467, 0.99783074, -0.02245235, -0.01628321],\n",
       "  [0.10879144, 0.02910518, 0.99363842, -0.0020524],\n",
       "  [0.0, 0.0, 0.0, 1.0]],\n",
       " [[0.62097394, -0.78301244, 0.0358174, -0.04898434],\n",
       "  [0.78320465, 0.61800271, -0.06828707, -0.08458254],\n",
       "  [0.03133438, 0.07045685, 0.99702256, 0.01087044],\n",
       "  [0.0, 0.0, 0.0, 1.0]],\n",
       " [[-0.185724504, -0.982588107, 0.00519810494, 0.000235916363],\n",
       "  [0.98259306, -0.185742627, -0.0032488158, -0.000147447736],\n",
       "  [0.00415775743, 0.00450423714, 0.999981212, 0.00280318882],\n",
       "  [0.0, 0.0, 0.0, 1.0]],\n",
       " [[None]],\n",
       " [[1.0, 0.0, 0.0, -0.12831594],\n",
       "  [0.0, 1.0, 0.0, -0.1213517],\n",
       "  [0.0, 0.0, 1.0, 0.00400001],\n",
       "  [0.0, 0.0, 0.0, 1.0]],\n",
       " [[-0.979892912, -0.140551987, -0.141615748, -0.000217291745],\n",
       "  [0.157093194, -0.981063971, -0.113292603, -0.000173833404],\n",
       "  [-0.123010608, -0.133261489, 0.983417392, 0.00309826657],\n",
       "  [0.0, 0.0, 0.0, 1.0]],\n",
       " [[0.999835957, 0.0180623974, 0.00134463176, 0.000123182025],\n",
       "  [-0.0180249653, 0.999549722, -0.0239886155, -0.0169732402],\n",
       "  [-0.00177731821, 0.0239604434, 0.999711327, 0.00101550777],\n",
       "  [0.0, 0.0, 0.0, 1.0]],\n",
       " [[1.0, 0.0, 0.0, -0.00750076],\n",
       "  [0.0, 1.0, 0.0, -0.000683799],\n",
       "  [0.0, 0.0, 1.0, -0.00599999],\n",
       "  [0.0, 0.0, 0.0, 1.0]],\n",
       " [[0.99412516, 0.03014421, -0.10395425, -0.07744992],\n",
       "  [-0.03256468, 0.99923478, -0.02166553, -0.01287258],\n",
       "  [0.10322161, 0.02492349, 0.99434608, 0.00115296],\n",
       "  [0.0, 0.0, 0.0, 1.0]],\n",
       " [[0.65128026, 0.45075447, -0.61045429, -0.36104528],\n",
       "  [0.43875685, -0.88004095, -0.18171503, -0.19315798],\n",
       "  [-0.61913363, -0.14949359, -0.77092491, -1.09594966],\n",
       "  [0.0, 0.0, 0.0, 1.0]],\n",
       " [[1.0, 0.0, 0.0, -0.01679693],\n",
       "  [0.0, 1.0, 0.0, -0.00175333],\n",
       "  [0.0, 0.0, 1.0, 0.01199996],\n",
       "  [0.0, 0.0, 0.0, 1.0]],\n",
       " [[None]],\n",
       " [[None]],\n",
       " [[1.0, 0.0, 0.0, -0.03873815],\n",
       "  [0.0, 1.0, 0.0, 0.00652591],\n",
       "  [0.0, 0.0, 1.0, -0.01300001],\n",
       "  [0.0, 0.0, 0.0, 1.0]],\n",
       " [[1.0, 0.0, 0.0, -0.0410315],\n",
       "  [0.0, 1.0, 0.0, 0.00645578],\n",
       "  [0.0, 0.0, 1.0, -0.01399999],\n",
       "  [0.0, 0.0, 0.0, 1.0]],\n",
       " [[-0.976644293, -0.0502024101, -0.208915398, -0.000310189758],\n",
       "  [0.0283806051, -0.993942879, 0.106170116, 0.000157637412],\n",
       "  [-0.212979968, 0.0977612928, 0.972153415, 0.0029002347],\n",
       "  [0.0, 0.0, 0.0, 1.0]],\n",
       " [[0.999912805, 0.0128768738, 0.00292717718, -0.000460312588],\n",
       "  [-0.0128802057, 0.999916417, 0.00112226163, 0.000226848901],\n",
       "  [-0.00291248129, -0.00115986642, 0.999995086, 0.00400176954],\n",
       "  [0.0, 0.0, 0.0, 1.0]],\n",
       " [[0.999596583, 0.0284007713, -0.000258568318, -0.00133308925],\n",
       "  [-0.0284004158, 0.999595797, 0.00128782054, 0.000226711384],\n",
       "  [0.0002950389, -0.00127995757, 0.999999137, 0.00799288633],\n",
       "  [0.0, 0.0, 0.0, 1.0]],\n",
       " [[0.889560377, -0.399709441, 0.221166676, -0.000726693018],\n",
       "  [0.432944719, 0.892140284, -0.129013888, 0.000423904239],\n",
       "  [-0.145743632, 0.210518587, 0.966664739, -0.0069077281],\n",
       "  [0.0, 0.0, 0.0, 1.0]],\n",
       " [[-0.974179602, -0.0953053719, -0.204672885, -0.000413358947],\n",
       "  [0.0725442676, -0.990598641, 0.115981295, 0.000234236723],\n",
       "  [-0.213802322, 0.0981387669, 0.971934848, 0.00392926761],\n",
       "  [0.0, 0.0, 0.0, 1.0]],\n",
       " [[1.0, 0.0, 0.0, 0.0],\n",
       "  [0.0, 1.0, 0.0, 0.0],\n",
       "  [0.0, 0.0, 1.0, 0.0],\n",
       "  [0.0, 0.0, 0.0, 1.0]],\n",
       " [[0.993664108, 0.112386792, -0.000922136289, -0.000633175941],\n",
       "  [-0.112386312, 0.993664434, 0.000556461534, 0.000382088917],\n",
       "  [0.00097883296, -0.000449300357, 0.99999942, 0.00622632716],\n",
       "  [0.0, 0.0, 0.0, 1.0]],\n",
       " [[0.999909385, -0.0103768353, 0.00857569671, -0.000551340608],\n",
       "  [0.0103685597, 0.999945736, 0.00100890554, -6.48636037e-05],\n",
       "  [-0.00858570061, -0.000919896494, 0.999962719, 0.00616574208],\n",
       "  [0.0, 0.0, 0.0, 1.0]],\n",
       " [[-0.967519408, -0.162450126, -0.193690867, -0.000834587606],\n",
       "  [0.139253916, -0.981952605, 0.127974324, 0.00055142396],\n",
       "  [-0.210984697, 0.0968454307, 0.97268002, 0.0085000101],\n",
       "  [0.0, 0.0, 0.0, 1.0]],\n",
       " [[None]],\n",
       " [[1.0, 0.0, 0.0, 0.0],\n",
       "  [0.0, 1.0, 0.0, 0.0],\n",
       "  [0.0, 0.0, 1.0, 0.0],\n",
       "  [0.0, 0.0, 0.0, 1.0]],\n",
       " [[1.0, 0.0, 0.0, 0.0],\n",
       "  [0.0, 1.0, 0.0, 0.0],\n",
       "  [0.0, 0.0, 1.0, 0.0],\n",
       "  [0.0, 0.0, 0.0, 1.0]],\n",
       " [[0.991807788, 0.127738737, -0.000357242787, -0.0005678179],\n",
       "  [-0.127738605, 0.991807799, 0.000371532469, 0.00059053057],\n",
       "  [0.00040177527, -0.000322855101, 0.999999867, 0.00647701056],\n",
       "  [0.0, 0.0, 0.0, 1.0]],\n",
       " [[None]],\n",
       " [[None]],\n",
       " [[1.0, 0.0, 0.0, 0.0],\n",
       "  [0.0, 1.0, 0.0, 0.0],\n",
       "  [0.0, 0.0, 1.0, 0.0],\n",
       "  [0.0, 0.0, 0.0, 1.0]],\n",
       " [[1.0, 0.0, 0.0, 0.0],\n",
       "  [0.0, 1.0, 0.0, 0.0],\n",
       "  [0.0, 0.0, 1.0, 0.0],\n",
       "  [0.0, 0.0, 0.0, 1.0]],\n",
       " [[0.9667047, 0.07880136, -0.24345915, -0.17948323],\n",
       "  [-0.07841365, 0.99685688, 0.01129892, 0.00829714],\n",
       "  [0.2435843, 0.00816781, 0.96984534, -0.02188952],\n",
       "  [0.0, 0.0, 0.0, 1.0]],\n",
       " [[0.999691523, -0.0107764691, -0.0223769118, -0.0175175217],\n",
       "  [0.0108294696, 0.999938831, 0.00224870527, 0.00234887303],\n",
       "  [0.0223513099, -0.00249034169, 0.999747077, -0.000407557466],\n",
       "  [0.0, 0.0, 0.0, 1.0]],\n",
       " [[1.0, 0.0, 0.0, 0.0],\n",
       "  [0.0, 1.0, 0.0, 0.0],\n",
       "  [0.0, 0.0, 1.0, 0.0],\n",
       "  [0.0, 0.0, 0.0, 1.0]],\n",
       " [[1.0, 0.0, 0.0, 0.00101342],\n",
       "  [0.0, 1.0, 0.0, -0.00425359],\n",
       "  [0.0, 0.0, 1.0, 0.00999999],\n",
       "  [0.0, 0.0, 0.0, 1.0]],\n",
       " [[1.0, 0.0, 0.0, 0.00723951],\n",
       "  [0.0, 1.0, 0.0, -0.00996419],\n",
       "  [0.0, 0.0, 1.0, 0.02099997],\n",
       "  [0.0, 0.0, 0.0, 1.0]],\n",
       " [[1.0, 0.0, 0.0, -0.00017884],\n",
       "  [0.0, 1.0, 0.0, -0.0073114],\n",
       "  [0.0, 0.0, 1.0, 0.01800001],\n",
       "  [0.0, 0.0, 0.0, 1.0]],\n",
       " [[None]],\n",
       " [[0.95829923, 0.12642662, -0.25627895, -0.1876178],\n",
       "  [-0.12892894, 0.99162853, 0.00708502, 0.00357723],\n",
       "  [0.25502925, 0.0262522, 0.9665769, -0.0228163],\n",
       "  [0.0, 0.0, 0.0, 1.0]],\n",
       " [[None]],\n",
       " [[1.0, 0.0, 0.0, 0.0],\n",
       "  [0.0, 1.0, 0.0, 0.0],\n",
       "  [0.0, 0.0, 1.0, 0.0],\n",
       "  [0.0, 0.0, 0.0, 1.0]],\n",
       " [[0.63785372, 0.49906819, -0.58657785, -0.35967779],\n",
       "  [0.49700372, -0.8485525, -0.18151024, -0.23990303],\n",
       "  [-0.58832808, -0.17575438, -0.78929111, -1.20726469],\n",
       "  [0.0, 0.0, 0.0, 1.0]],\n",
       " [[0.998628092, 0.0122024199, -0.0509218438, -0.0364424821],\n",
       "  [-0.013211029, 0.999722227, -0.0195176413, -0.0150614042],\n",
       "  [0.0506695367, 0.0201635948, 0.998511907, -0.000547632148],\n",
       "  [0.0, 0.0, 0.0, 1.0]],\n",
       " [[1.0, 0.0, 0.0, -0.00586665],\n",
       "  [0.0, 1.0, 0.0, -0.0013676],\n",
       "  [0.0, 0.0, 1.0, -0.00200004],\n",
       "  [0.0, 0.0, 0.0, 1.0]],\n",
       " [[1.0, 0.0, 0.0, -0.00501454],\n",
       "  [0.0, 1.0, 0.0, 0.00150612],\n",
       "  [0.0, 0.0, 1.0, -0.00600004],\n",
       "  [0.0, 0.0, 0.0, 1.0]],\n",
       " [[None]],\n",
       " [[1.0, 0.0, 0.0, -0.01287297],\n",
       "  [0.0, 1.0, 0.0, -0.0013676],\n",
       "  [0.0, 0.0, 1.0, -0.00200004],\n",
       "  [0.0, 0.0, 0.0, 1.0]],\n",
       " [[0.33460787, -0.7420391, -0.58087481, -0.38951073],\n",
       "  [-0.7295523, -0.59414555, 0.33873958, 0.25500181],\n",
       "  [-0.5964822, 0.31043363, -0.74016211, -1.18243976],\n",
       "  [0.0, 0.0, 0.0, 1.0]],\n",
       " [[0.51442135, -0.7881109, -0.33801167, -0.21812478],\n",
       "  [-0.78041325, -0.59362341, 0.1963833, 0.16055156],\n",
       "  [-0.35542346, 0.16276502, -0.92042475, -1.28733293],\n",
       "  [0.0, 0.0, 0.0, 1.0]],\n",
       " [[1.0, 0.0, 0.0, -0.00788298],\n",
       "  [0.0, 1.0, 0.0, -0.00801799],\n",
       "  [0.0, 0.0, 1.0, 0.01899999],\n",
       "  [0.0, 0.0, 0.0, 1.0]],\n",
       " [[0.999809382, 0.0185327813, -0.00614298573, -0.00488037634],\n",
       "  [-0.0185133524, 0.999823477, 0.00320468904, 0.00265585903],\n",
       "  [0.00620129316, -0.00309035091, 0.999975997, 0.000153535652],\n",
       "  [0.0, 0.0, 0.0, 1.0]],\n",
       " [[0.9983412, -0.05318821, -0.0220424, -0.02512786],\n",
       "  [0.05495879, 0.99446524, 0.08954566, 0.05839437],\n",
       "  [0.01715763, -0.09060854, 0.99573878, -0.00708781],\n",
       "  [0.0, 0.0, 0.0, 1.0]],\n",
       " [[-0.97272772, 0.14565196, -0.18051674, -0.15792685],\n",
       "  [0.17867148, 0.96679449, -0.18271539, -0.12545407],\n",
       "  [0.14790973, -0.20998551, -0.96645165, -1.33479341],\n",
       "  [0.0, 0.0, 0.0, 1.0]],\n",
       " [[0.97978366, 0.19307638, -0.05239751, -0.0297648],\n",
       "  [-0.19070825, 0.98052103, 0.0469987, 0.03211343],\n",
       "  [0.0604512, -0.03605592, 0.99751974, 0.00108115],\n",
       "  [0.0, 0.0, 0.0, 1.0]],\n",
       " [[0.96178974, 0.27355325, 0.01136263, 0.01351174],\n",
       "  [-0.2728027, 0.95397911, 0.1245092, 0.08529317],\n",
       "  [0.02322018, -0.12285143, 0.99215339, -0.00276385],\n",
       "  [0.0, 0.0, 0.0, 1.0]],\n",
       " [[0.98283201, 0.16987428, -0.0719998, -0.05320938],\n",
       "  [-0.16328535, 0.98253452, 0.08924023, 0.06248029],\n",
       "  [0.08590191, -0.07595164, 0.99340435, -0.00351423],\n",
       "  [0.0, 0.0, 0.0, 1.0]],\n",
       " [[0.97089215, 0.13755233, -0.19608108, -0.14327424],\n",
       "  [-0.13545611, 0.99048954, 0.02412712, 0.01653349],\n",
       "  [0.197535, 0.00313555, 0.98029082, -0.01317102],\n",
       "  [0.0, 0.0, 0.0, 1.0]],\n",
       " [[1.0, 0.0, 0.0, -0.0213854],\n",
       "  [0.0, 1.0, 0.0, -0.00380298],\n",
       "  [0.0, 0.0, 1.0, 0.01100004],\n",
       "  [0.0, 0.0, 0.0, 1.0]],\n",
       " [[None]],\n",
       " [[1.0, 0.0, 0.0, 9.11745e-05],\n",
       "  [0.0, 1.0, 0.0, 0.0006855545],\n",
       "  [0.0, 0.0, 1.0, 0.00100002],\n",
       "  [0.0, 0.0, 0.0, 1.0]],\n",
       " [[0.59706108, -0.21691181, 0.77231298, 0.47976493],\n",
       "  [-0.18152033, -0.97430882, -0.1333143, -0.2240025],\n",
       "  [0.78138879, -0.06059373, -0.62109578, -1.0614492],\n",
       "  [0.0, 0.0, 0.0, 1.0]],\n",
       " [[-0.69906011, -0.62672413, 0.34428453, 0.09950886],\n",
       "  [-0.65512655, 0.36838337, -0.6596233, -0.53395507],\n",
       "  [0.28657314, -0.68666627, -0.66810573, -1.15955898],\n",
       "  [0.0, 0.0, 0.0, 1.0]],\n",
       " [[1.0, 0.0, 0.0, 0.04436285],\n",
       "  [0.0, 1.0, 0.0, -0.1224002],\n",
       "  [0.0, 0.0, 1.0, 0.074],\n",
       "  [0.0, 0.0, 0.0, 1.0]],\n",
       " [[1.0, 0.0, 0.0, -0.00848613],\n",
       "  [0.0, 1.0, 0.0, 0.00266331],\n",
       "  [0.0, 0.0, 1.0, -0.00299999],\n",
       "  [0.0, 0.0, 0.0, 1.0]],\n",
       " [[1.0, 0.0, 0.0, -0.01102847],\n",
       "  [0.0, 1.0, 0.0, 0.00247395],\n",
       "  [0.0, 0.0, 1.0, -0.00499996],\n",
       "  [0.0, 0.0, 0.0, 1.0]],\n",
       " [[0.35052992, -0.08042287, 0.93309214, 0.5777837],\n",
       "  [-0.08028375, -0.99521916, -0.05561779, -0.1713064],\n",
       "  [0.93310412, -0.05541644, -0.35531074, -0.8782567],\n",
       "  [0.0, 0.0, 0.0, 1.0]],\n",
       " [[1.0, 0.0, 0.0, -0.01714759],\n",
       "  [0.0, 1.0, 0.0, 0.00276677],\n",
       "  [0.0, 0.0, 1.0, -0.00799995],\n",
       "  [0.0, 0.0, 0.0, 1.0]],\n",
       " [[1.0, 0.0, 0.0, -0.01723526],\n",
       "  [0.0, 1.0, 0.0, 0.00624362],\n",
       "  [0.0, 0.0, 1.0, -0.009],\n",
       "  [0.0, 0.0, 0.0, 1.0]],\n",
       " [[0.997476684, 0.0709217904, -0.00321929084, -0.000871404687],\n",
       "  [-0.0709019968, 0.997465869, 0.0058946371, 0.000165340234],\n",
       "  [0.00362919095, -0.00565150893, 0.999977444, 0.00373173004],\n",
       "  [0.0, 0.0, 0.0, 1.0]],\n",
       " [[1.0, 0.0, 0.0, 0.0],\n",
       "  [0.0, 1.0, 0.0, 0.0],\n",
       "  [0.0, 0.0, 1.0, 0.0],\n",
       "  [0.0, 0.0, 0.0, 1.0]],\n",
       " [[0.976385281, 0.215551055, -0.0144750063, -0.000945351782],\n",
       "  [-0.215486508, 0.976489003, 0.00589848076, 0.000523669488],\n",
       "  [0.0154061082, -0.00264002124, 0.999877834, 0.00462855976],\n",
       "  [0.0, 0.0, 0.0, 1.0]],\n",
       " [[0.999694629, 0.0236828079, -0.00705508033, 0.000123927577],\n",
       "  [-0.0235656509, 0.999590208, 0.0162504504, -0.0014060083],\n",
       "  [0.00743704551, -0.0160792304, 0.999843062, 0.00322626466],\n",
       "  [0.0, 0.0, 0.0, 1.0]],\n",
       " [[None]],\n",
       " [[1.0, 0.0, 0.0, 0.00456392],\n",
       "  [0.0, 1.0, 0.0, -0.00241609],\n",
       "  [0.0, 0.0, 1.0, -0.00300002],\n",
       "  [0.0, 0.0, 0.0, 1.0]],\n",
       " [[0.89451786, 0.44662832, -0.0189984, -0.01114088],\n",
       "  [-0.44208306, 0.89012173, 0.11066104, 0.05495249],\n",
       "  [0.06633524, -0.09058941, 0.99367661, -0.00781924],\n",
       "  [0.0, 0.0, 0.0, 1.0]],\n",
       " [[0.9429071, 0.3321474, -0.02458269, -0.02587411],\n",
       "  [-0.33299127, 0.94160633, -0.0499433, -0.03384585],\n",
       "  [0.00655867, 0.05527772, 0.99844948, 0.00334012],\n",
       "  [0.0, 0.0, 0.0, 1.0]],\n",
       " [[1.0, 0.0, 0.0, 0.03369206],\n",
       "  [0.0, 1.0, 0.0, -0.12575257],\n",
       "  [0.0, 0.0, 1.0, 0.02499997],\n",
       "  [0.0, 0.0, 0.0, 1.0]],\n",
       " [[-0.77924624, -0.58280192, 0.23047173, 0.09187002],\n",
       "  [-0.57753659, 0.52497491, -0.62518224, -0.44499224],\n",
       "  [0.24336553, -0.62027676, -0.74567416, -1.17655307],\n",
       "  [0.0, 0.0, 0.0, 1.0]],\n",
       " [[0.997697785, -0.0173518882, -0.0655594545, -0.0434299059],\n",
       "  [0.0208650646, 0.998361139, 0.0532886962, 0.0379423153],\n",
       "  [0.0645273521, -0.0545339164, 0.996424745, -0.000120746385],\n",
       "  [0.0, 0.0, 0.0, 1.0]],\n",
       " [[0.98976216, 0.11680817, 0.08201652, 0.06587257],\n",
       "  [-0.11470614, 0.99294921, -0.02990596, -0.02264322],\n",
       "  [-0.0849315, 0.02019199, 0.99618217, -0.00279965],\n",
       "  [0.0, 0.0, 0.0, 1.0]],\n",
       " [[1.0, 0.0, 0.0, 0.11006199],\n",
       "  [0.0, 1.0, 0.0, -0.0079163],\n",
       "  [0.0, 0.0, 1.0, -0.01100004],\n",
       "  [0.0, 0.0, 0.0, 1.0]],\n",
       " [[1.0, 0.0, 0.0, 0.00315425],\n",
       "  [0.0, 1.0, 0.0, 0.00671351],\n",
       "  [0.0, 0.0, 1.0, -0.00700003],\n",
       "  [0.0, 0.0, 0.0, 1.0]],\n",
       " [[0.96387037, 0.26629838, -0.00625245, -0.01581705],\n",
       "  [-0.26554912, 0.96247219, 0.05595485, 0.03314543],\n",
       "  [0.0209185, -0.05227289, 0.99841372, -0.00853724],\n",
       "  [0.0, 0.0, 0.0, 1.0]],\n",
       " [[1.0, 0.0, 0.0, 0.02014931],\n",
       "  [0.0, 1.0, 0.0, 0.00237051],\n",
       "  [0.0, 0.0, 1.0, 0.0],\n",
       "  [0.0, 0.0, 0.0, 1.0]],\n",
       " [[-0.93446806, -0.30033252, -0.19123239, -0.1770159],\n",
       "  [0.05752536, 0.40268854, -0.91352765, -0.6170995],\n",
       "  [0.35136915, -0.86466313, -0.35902284, -0.91079571],\n",
       "  [0.0, 0.0, 0.0, 1.0]],\n",
       " [[0.95754779, -0.28436524, -0.0473143, -0.01672821],\n",
       "  [0.2869075, 0.95604832, 0.06046229, 0.05760273],\n",
       "  [0.02804139, -0.07147036, 0.99704848, -0.00208449],\n",
       "  [0.0, 0.0, 0.0, 1.0]],\n",
       " [[0.975467175, 0.218495869, -0.0268950917, -0.00718770104],\n",
       "  [-0.219741877, 0.973776956, -0.0589232353, -0.0502790224],\n",
       "  [0.013315337, 0.0633876598, 0.997900149, 3.01589809e-05],\n",
       "  [0.0, 0.0, 0.0, 1.0]],\n",
       " [[0.99677211, 0.05735493, -0.05617625, -0.03693792],\n",
       "  [-0.05578371, 0.99801725, 0.02915031, 0.02283985],\n",
       "  [0.05773678, -0.02592249, 0.99799523, -0.00366657],\n",
       "  [0.0, 0.0, 0.0, 1.0]],\n",
       " [[1.0, 0.0, 0.0, 0.003457572],\n",
       "  [0.0, 1.0, 0.0, -5.9608e-05],\n",
       "  [0.0, 0.0, 1.0, -0.00099998],\n",
       "  [0.0, 0.0, 0.0, 1.0]],\n",
       " [[-0.99777061, -0.05845389, -0.03220179, -0.12081207],\n",
       "  [-0.01728624, 0.6924179, -0.72128957, -0.49244044],\n",
       "  [0.06445927, -0.71912488, -0.69188468, -1.1587023],\n",
       "  [0.0, 0.0, 0.0, 1.0]],\n",
       " [[0.8919262, -0.06892589, -0.44689695, -0.30798965],\n",
       "  [0.04799594, 0.99716198, -0.05800317, -0.0341448],\n",
       "  [0.44962657, 0.03028531, 0.89270306, -0.04914945],\n",
       "  [0.0, 0.0, 0.0, 1.0]],\n",
       " [[-0.19982086, -0.97951753, -0.02483997, -0.0245662],\n",
       "  [-0.41623934, 0.10780803, -0.90284121, -0.61331758],\n",
       "  [0.88702674, -0.17006714, -0.42925602, -0.94993529],\n",
       "  [0.0, 0.0, 0.0, 1.0]],\n",
       " [[0.66179635, -0.58092211, 0.47387244, 0.36059919],\n",
       "  [0.74765722, 0.55787737, -0.36025204, -0.18740622],\n",
       "  [-0.05508433, 0.59270764, 0.80353181, -0.1572372],\n",
       "  [0.0, 0.0, 0.0, 1.0]],\n",
       " [[0.69758338, -0.63304849, 0.33559952, 0.26320635],\n",
       "  [0.71267387, 0.56467478, -0.41621911, -0.22636334],\n",
       "  [0.0739823, 0.52952055, 0.84506486, -0.12491969],\n",
       "  [0.0, 0.0, 0.0, 1.0]],\n",
       " [[0.65151141, 0.66458924, -0.36586066, -0.23831404],\n",
       "  [-0.7536449, 0.62222933, -0.21177825, -0.19696342],\n",
       "  [0.08690368, 0.41370497, 0.9062538, -0.04305025],\n",
       "  [0.0, 0.0, 0.0, 1.0]],\n",
       " [[0.9996324, 0.02702739, 0.00214256, 0.00148131],\n",
       "  [-0.02681269, 0.99721203, -0.06963651, -0.05280737],\n",
       "  [-0.00401868, 0.06955346, 0.99757013, 0.00257928],\n",
       "  [0.0, 0.0, 0.0, 1.0]],\n",
       " [[0.998468031, 0.054992688, -0.00611512158, 1.03567218e-06],\n",
       "  [-0.054982592, 0.998485678, 0.00180715834, -0.000561866778],\n",
       "  [0.00620524181, -0.0014681646, 0.99997967, 0.00350570084],\n",
       "  [0.0, 0.0, 0.0, 1.0]],\n",
       " [[0.98778564, 0.1145238, -0.10565902, -0.06620125],\n",
       "  [-0.13228069, 0.97469588, -0.18019367, -0.12939519],\n",
       "  [0.08234895, 0.19196937, 0.97793988, -0.00516644],\n",
       "  [0.0, 0.0, 0.0, 1.0]],\n",
       " [[0.98673499, 0.10091949, -0.1271586, -0.0816645],\n",
       "  [-0.12525487, 0.97157743, -0.20086941, -0.14213456],\n",
       "  [0.10327279, 0.21413211, 0.9713301, -0.01045778],\n",
       "  [0.0, 0.0, 0.0, 1.0]],\n",
       " [[1.0, 0.0, 0.0, 0.0],\n",
       "  [0.0, 1.0, 0.0, -0.06657056],\n",
       "  [0.0, 0.0, 1.0, -0.67799997],\n",
       "  [0.0, 0.0, 0.0, 1.0]],\n",
       " [[0.97921523, 0.13135194, -0.15454516, -0.10228074],\n",
       "  [-0.15866394, 0.97073859, -0.18025634, -0.12950571],\n",
       "  [0.12634593, 0.2010305, 0.97140282, -0.00765862],\n",
       "  [0.0, 0.0, 0.0, 1.0]],\n",
       " [[0.96893523, 0.1402714, -0.20368713, -0.13718758],\n",
       "  [-0.17618892, 0.96948076, -0.1704832, -0.12416518],\n",
       "  [0.17355684, 0.2010746, 0.96407833, -0.01290245],\n",
       "  [0.0, 0.0, 0.0, 1.0]],\n",
       " [[0.95888679, 0.12002604, -0.25715731, -0.18529788],\n",
       "  [-0.12128349, 0.99255667, 0.01102635, 0.00419883],\n",
       "  [0.25656665, 0.02061591, 0.96630665, -0.0191644],\n",
       "  [0.0, 0.0, 0.0, 1.0]],\n",
       " [[-0.77189139, 0.62270046, -0.12817104, -0.17141651],\n",
       "  [0.63374681, 0.73764558, -0.23290336, -0.12682799],\n",
       "  [-0.05048423, -0.26100409, -0.96401671, -1.3547229],\n",
       "  [0.0, 0.0, 0.0, 1.0]],\n",
       " [[None]],\n",
       " [[1.0, 0.0, 0.0, 0.00711064],\n",
       "  [0.0, 1.0, 0.0, 0.00692216],\n",
       "  [0.0, 0.0, 1.0, -0.00750002],\n",
       "  [0.0, 0.0, 0.0, 1.0]],\n",
       " [[1.0, 0.0, 0.0, -0.0083283326],\n",
       "  [0.0, 1.0, 0.0, 0.000189357],\n",
       "  [0.0, 0.0, 1.0, 0.00200004],\n",
       "  [0.0, 0.0, 0.0, 1.0]],\n",
       " [[-0.45448817, 0.89056349, 0.01836251, -0.0739901],\n",
       "  [0.89062094, 0.45396967, 0.02656864, 0.06895793],\n",
       "  [0.01532503, 0.02842917, -0.99947833, -1.39157649],\n",
       "  [0.0, 0.0, 0.0, 1.0]],\n",
       " [[1.0, 0.0, 0.0, -0.01070585],\n",
       "  [0.0, 1.0, 0.0, 0.00256689],\n",
       "  [0.0, 0.0, 1.0, 0.00200004],\n",
       "  [0.0, 0.0, 0.0, 1.0]],\n",
       " [[1.0, 0.0, 0.0, -0.01195773],\n",
       "  [0.0, 1.0, 0.0, -0.0118648],\n",
       "  [0.0, 0.0, 1.0, 0.00999999],\n",
       "  [0.0, 0.0, 0.0, 1.0]],\n",
       " [[0.97243873, 0.10184289, -0.20974016, -0.15454036],\n",
       "  [-0.110668, 0.99338169, -0.03074752, -0.02230728],\n",
       "  [0.20522062, 0.0531116, 0.97727358, -0.01463334],\n",
       "  [0.0, 0.0, 0.0, 1.0]],\n",
       " [[1.0, 0.0, 0.0, -0.01500941],\n",
       "  [0.0, 1.0, 0.0, 0.00398357],\n",
       "  [0.0, 0.0, 1.0, -0.01750001],\n",
       "  [0.0, 0.0, 0.0, 1.0]],\n",
       " [[None]],\n",
       " [[0.998595312, 0.0449599531, -0.0280357759, -0.0153186046],\n",
       "  [-0.0455727318, 0.998727151, -0.0216149002, -0.0138771774],\n",
       "  [0.0270282857, 0.0228622049, 0.999373199, 0.000150587595],\n",
       "  [0.0, 0.0, 0.0, 1.0]],\n",
       " [[0.998419025, 0.0260218817, -0.049822814, -0.0292161386],\n",
       "  [-0.0266730976, 0.999566671, -0.0124505714, -0.0109750505],\n",
       "  [0.049477237, 0.0137598161, 0.998680465, -9.93911706e-05],\n",
       "  [0.0, 0.0, 0.0, 1.0]],\n",
       " [[0.999795677, 0.0195357766, -0.00519203625, -0.00143317288],\n",
       "  [-0.0195411815, 0.99980856, -0.000992317047, -0.00133435145],\n",
       "  [0.0051716566, 0.00109357282, 0.999986029, -0.000943551949],\n",
       "  [0.0, 0.0, 0.0, 1.0]],\n",
       " [[0.995554336, 0.093981916, -0.00624201842, -0.000981335292],\n",
       "  [-0.094025999, 0.99554378, -0.00718985089, -0.000853505281],\n",
       "  [0.00553848665, 0.00774479925, 0.999954671, -7.90592202e-05],\n",
       "  [0.0, 0.0, 0.0, 1.0]],\n",
       " [[0.993913744, 0.0994378357, -0.047408717, -0.0312115102],\n",
       "  [-0.103460697, 0.9903958, -0.0917171909, -0.0648744851],\n",
       "  [0.0378332352, 0.0960639155, 0.994655906, -0.00073175385],\n",
       "  [0.0, 0.0, 0.0, 1.0]],\n",
       " [[0.98568386, 0.14370786, -0.08817814, -0.06047116],\n",
       "  [-0.15070765, 0.98544608, -0.07863349, -0.05136326],\n",
       "  [0.07559456, 0.09079688, 0.99299617, -0.00399046],\n",
       "  [0.0, 0.0, 0.0, 1.0]],\n",
       " [[0.79425732, 0.36886879, 0.48279511, 0.33657698],\n",
       "  [0.15228979, 0.64838863, -0.74592225, -0.52016278],\n",
       "  [-0.5881863, 0.66597897, 0.45881247, -0.33537856],\n",
       "  [0.0, 0.0, 0.0, 1.0]],\n",
       " [[0.92001662, 0.26210224, 0.2913277, 0.20062078],\n",
       "  [-0.04135433, 0.80419634, -0.59292332, -0.40766808],\n",
       "  [-0.3896912, 0.53345165, 0.75071306, -0.14377495],\n",
       "  [0.0, 0.0, 0.0, 1.0]],\n",
       " [[0.96346938, 0.18426449, -0.19435369, -0.13312653],\n",
       "  [-0.19982025, 0.97776907, -0.06355716, -0.03921702],\n",
       "  [0.1783217, 0.10007118, 0.97887033, -0.01674488],\n",
       "  [0.0, 0.0, 0.0, 1.0]],\n",
       " [[0.99540839, 0.02036856, -0.09352682, -0.06414411],\n",
       "  [-0.0167125, 0.9990715, 0.03970928, 0.02631679],\n",
       "  [0.0942488, -0.03796388, 0.99482456, -0.00605306],\n",
       "  [0.0, 0.0, 0.0, 1.0]],\n",
       " [[1.0, 0.0, 0.0, -0.001329031],\n",
       "  [0.0, 1.0, 0.0, 0.000988871],\n",
       "  [0.0, 0.0, 1.0, -0.00200003],\n",
       "  [0.0, 0.0, 0.0, 1.0]],\n",
       " [[-0.80079945, 0.58310625, -0.13677477, -0.12798339],\n",
       "  [0.58040528, 0.69916115, -0.41749659, -0.28255884],\n",
       "  [-0.14781727, -0.41371583, -0.89832581, -1.34071673],\n",
       "  [0.0, 0.0, 0.0, 1.0]],\n",
       " [[0.9979446, 0.06350114, 0.00861253, 0.01385223],\n",
       "  [-0.06132408, 0.98533086, -0.15925594, -0.10404161],\n",
       "  [-0.01859913, 0.15840045, 0.98719976, -0.00157811],\n",
       "  [0.0, 0.0, 0.0, 1.0]],\n",
       " [[1.0, 0.0, 0.0, -0.09741958],\n",
       "  [0.0, 1.0, 0.0, -0.08163257],\n",
       "  [0.0, 0.0, 1.0, 0.002],\n",
       "  [0.0, 0.0, 0.0, 1.0]],\n",
       " [[1.0, 0.0, 0.0, 0.00694671],\n",
       "  [0.0, 1.0, 0.0, 0.00239505],\n",
       "  [0.0, 0.0, 1.0, 0.00799995],\n",
       "  [0.0, 0.0, 0.0, 1.0]],\n",
       " [[1.0, 0.0, 0.0, 0.00171125],\n",
       "  [0.0, 1.0, 0.0, -0.00461477],\n",
       "  [0.0, 0.0, 1.0, 0.00800002],\n",
       "  [0.0, 0.0, 0.0, 1.0]],\n",
       " [[1.0, 0.0, 0.0, 0.00154995],\n",
       "  [0.0, 1.0, 0.0, -0.00807235],\n",
       "  [0.0, 0.0, 1.0, 0.00999999],\n",
       "  [0.0, 0.0, 0.0, 1.0]],\n",
       " [[None]],\n",
       " [[0.999743379, 0.0224961444, -0.00266462656, -0.000959473003],\n",
       "  [-0.022520871, 0.99969985, -0.00964467481, -0.00572331705],\n",
       "  [0.00244685878, 0.00970220949, 0.999949939, -0.000438387386],\n",
       "  [0.0, 0.0, 0.0, 1.0]],\n",
       " [[0.998008047, 0.0629693262, -0.00384747167, -0.000677759349],\n",
       "  [-0.0629649457, 0.998014957, 0.0012493634, 0.000100281936],\n",
       "  [0.00391850585, -0.00100461888, 0.999991818, -0.000971009895],\n",
       "  [0.0, 0.0, 0.0, 1.0]],\n",
       " [[0.99578813, 0.07148609, -0.05740861, -0.03772687],\n",
       "  [-0.07151341, 0.99743839, 0.00158099, 0.00233929],\n",
       "  [0.05737457, 0.00253115, 0.99834951, -0.0028748],\n",
       "  [0.0, 0.0, 0.0, 1.0]],\n",
       " [[-0.974858918, 0.0653826554, 0.213014549, -0.000251315935],\n",
       "  [-0.00768436966, -0.965277219, 0.261114613, -0.000308064701],\n",
       "  [0.222690458, 0.252913027, 0.94151153, -0.00231187249],\n",
       "  [0.0, 0.0, 0.0, 1.0]],\n",
       " [[0.997536014, 0.0695332463, -0.00932890399, -0.00192747212],\n",
       "  [-0.0694777361, 0.997564555, 0.00614840973, -6.71514045e-06],\n",
       "  [0.00973370284, -0.005485109, 0.999937582, -0.00307514798],\n",
       "  [0.0, 0.0, 0.0, 1.0]],\n",
       " [[0.989824533, 0.141899899, -0.0105741772, -0.00204807243],\n",
       "  [-0.141890106, 0.989881, 0.00167442751, 0.000520489362],\n",
       "  [0.0107047782, -0.000157018304, 0.99994269, -0.00402393155],\n",
       "  [0.0, 0.0, 0.0, 1.0]],\n",
       " [[0.98578793, 0.07419963, -0.15072018, -0.10645493],\n",
       "  [-0.08297291, 0.99515361, -0.05277111, -0.03556015],\n",
       "  [0.14607414, 0.06452681, 0.98716697, -0.0050647],\n",
       "  [0.0, 0.0, 0.0, 1.0]],\n",
       " [[0.97960579, 0.16227414, -0.11848885, -0.08311561],\n",
       "  [-0.15206174, 0.98419863, 0.09072094, 0.06621955],\n",
       "  [0.13133823, -0.07085314, 0.98880236, -0.01997327],\n",
       "  [0.0, 0.0, 0.0, 1.0]],\n",
       " [[0.990572133, 0.136402295, -0.0126989193, -0.00411301086],\n",
       "  [-0.13637006, 0.990652219, 0.0033746251, 0.00045867961],\n",
       "  [0.0130405192, -0.00161105719, 0.999913671, -0.00682696932],\n",
       "  [0.0, 0.0, 0.0, 1.0]],\n",
       " [[0.995791828, 0.0909914487, -0.0109174954, -0.000587005328],\n",
       "  [-0.0909541924, 0.995847585, 0.00386287786, -0.00031509133],\n",
       "  [0.0112236502, -0.00285363023, 0.999932941, -0.00246019167],\n",
       "  [0.0, 0.0, 0.0, 1.0]],\n",
       " [[0.89689835, -0.43280962, 0.09082504, -0.00144151],\n",
       "  [0.43153698, 0.90144538, 0.03423542, -0.00152097],\n",
       "  [-0.09669123, 0.00848867, 0.99527823, -0.01329269],\n",
       "  [0.0, 0.0, 0.0, 1.0]],\n",
       " [[0.99268551, 0.05320485, -0.1083731, -0.08194522],\n",
       "  [-0.06302815, 0.99400563, -0.08933228, -0.06738643],\n",
       "  [0.10297056, 0.09550942, 0.99008839, -0.00380485],\n",
       "  [0.0, 0.0, 0.0, 1.0]],\n",
       " [[0.999980246, -0.00464577648, 0.00423367294, 0.000804847774],\n",
       "  [0.00467087107, 0.999971468, -0.00593689551, 0.000466966719],\n",
       "  [-0.00420597065, 0.00595655317, 0.999973414, 0.00221447487],\n",
       "  [0.0, 0.0, 0.0, 1.0]],\n",
       " [[0.98132479, 0.01015197, -0.19209008, -0.13399674],\n",
       "  [-0.03914054, 0.9882534, -0.14772687, -0.09918281],\n",
       "  [0.18833396, 0.15248655, 0.97019491, -0.00146994],\n",
       "  [0.0, 0.0, 0.0, 1.0]],\n",
       " [[0.98549511, 0.16895227, -0.01595395, -0.00124387],\n",
       "  [-0.16888701, 0.98562083, 0.00536232, 0.00177904],\n",
       "  [0.01663053, -0.00259012, 0.99985835, 0.00105],\n",
       "  [0.0, 0.0, 0.0, 1.0]],\n",
       " [[0.974941097, 0.221873242, -0.0161901581, -0.00122368648],\n",
       "  [-0.221812029, 0.975073898, 0.00550608323, 0.00161333271],\n",
       "  [0.0170082531, -0.00177693502, 0.99985377, -0.000903528212],\n",
       "  [0.0, 0.0, 0.0, 1.0]],\n",
       " [[0.70802358, 0.06553804, 0.70314107, 0.48646959],\n",
       "  [-0.06136281, -0.98620867, 0.15371098, -0.02757247],\n",
       "  [0.70351774, -0.15197771, -0.6942374, -1.13744779],\n",
       "  [0.0, 0.0, 0.0, 1.0]],\n",
       " [[0.962076254, 0.0912995714, -0.257047991, -0.174006503],\n",
       "  [-0.109205322, 0.992427109, -0.0562372703, -0.0384025279],\n",
